3711,5
3711,4
3711,3
3711,2
3711,1
3711,0
3710,3
3710,2
3710,1
3710,0
3709,3
3709,2
3709,1
3709,0
3708,4
3708,3
3708,2
3708,1
3708,0
3707,3
3707,2
3707,1
3707,0
3706,5
3706,4
3706,3
3706,2
3706,1
3706,0
0,367
3705,3
3705,2
3705,1
3705,0
3704,3
3704,2
3704,1
3704,0
0,365
3703,4
3703,3
3703,2
0,364
0,362
3703,1
3703,0
3702,3
3702,2
3702,1
3702,0
3701,3
3701,2
3701,1
3701,0
3700,4
3700,3
3700,2
3700,1
3700,0
3699,4
3699,3
3699,2
3699,1
3699,0
3698,4
3698,3
3698,2
3698,1
3698,0
3697,3
3697,2
3697,1
3697,0
3696,5
3696,4
3696,3
3696,2
3696,1
3696,0
3695,5
3695,4
3695,3
3695,2
3695,1
3695,0
3694,3
3694,2
3694,1
3694,0
3693,3
3693,2
3693,1
3693,0
3692,3
3692,2
3692,1
3692,0
3691,4
3691,3
3691,2
3691,1
3691,0
3690,3
3690,2
3690,1
3690,0
3689,3
3689,2
3689,1
3689,0
0,361
3688,4
3688,3
3688,2
3688,1
3688,0
3687,3
3687,2
3687,1
3687,0
3686,5
3686,4
3686,3
3686,2
3686,1
3686,0
3685,3
3685,2
3685,1
3685,0
3684,3
3684,2
3684,1
3684,0
3683,4
3683,3
3683,2
0,360
0,359
3683,1
3683,0
3682,3
3682,2
3682,1
3682,0
0,357
3681,3
3681,2
3681,1
3681,0
3680,4
3680,3
3680,2
3680,1
3680,0
3679,4
3679,3
3679,2
3679,1
3679,0
3678,4
3678,3
3678,2
3678,1
3678,0
3677,3
3677,2
3677,1
3677,0
3676,5
3676,4
3676,3
3676,2
3676,1
3676,0
3675,5
3675,4
3675,3
3675,2
3675,1
3675,0
3674,3
3674,2
3674,1
3674,0
3673,3
3673,2
3673,1
3673,0
3672,3
3672,2
3672,1
3672,0
3671,4
3671,3
3671,2
3671,1
3671,0
3670,3
3670,2
3670,1
3670,0
